#N   avg_decay_length_kaons  use_scattering  max_y   max_z

1500000	562.310999999519	True	33.68121268148709	279.6480000003087
1500000	562.310999999519	False	34.08380348014293	286.4380000003411
1000000	562.310999999519	True	33.670464970889974	280.8280000003143
1000000	562.310999999519	False	34.156912507914356	286.5990000003419
1000000	562.310999999519	True	33.654760240532	280.4700000003126
1000000	562.310999999519	False	34.01672593229927	284.8590000003336
1000000	562.310999999519	True	33.64944380693394	280.91800000031475
1000000	562.310999999519	False	34.08446667616616	285.6290000003372
1000000	562.310999999519	True	33.6751580187441	280.39800000031227
1000000	562.310999999519	False	33.99865599866695	285.52300000033676
1000000	562.310999999519	True	33.75488517095583	280.94100000031483
1000000	562.310999999519	False	34.03116069490275	286.5310000003416
1000000	562.310999999519	True	33.594549036290324	281.14600000031584
1000000	562.310999999519	False	33.99239213969406	285.65200000033735
1000000	562.310999999519	True	33.6963823125541	280.8990000003147
1000000	562.310999999519	False	34.087474063946985	285.84200000033826
1000000	562.310999999519	True	33.67888281879095	279.4830000003079
1000000	562.310999999519	False	34.06509384563536	285.19300000033513
1000000	562.310999999519	True	33.661273715252165	281.7930000003189
1000000	562.310999999519	False	34.07082269686704	286.0540000003393
1000000	562.310999999519	True	33.69286749921969	281.2260000003162
1000000	562.310999999519	False	34.01916549665611	284.2890000003308
1000000	562.310999999519	True	33.626876944926096	280.60900000031324
1000000	562.310999999519	True	33.663765194633136	280.335000000312
1000000	562.310999999519	False	34.04833370032551	285.88600000033847
1000000	562.310999999519	True	33.64781322926886	282.44300000032206
1000000	562.310999999519	False	34.10076218887015	284.97900000033417
1000000	562.310999999519	True	33.66859558661693	280.6940000003137
1000000	562.310999999519	False	34.00904307300196	285.5210000003367
1000000	562.310999999519	True	33.67217383918879	279.9840000003103
1000000	562.310999999519	False	34.072626829287046	285.8730000003384
1000000	562.310999999519	True	33.56310486859467	280.3590000003121
1000000	562.310999999519	False	34.066896446735115	285.25800000033547
1000000	562.310999999519	True	33.685262357806195	280.33700000031195
1000000	562.310999999519	False	34.07762449920808	285.89500000033854
1000000	562.310999999519	True	33.63531158102205	279.8220000003095
1000000	562.310999999519	False	34.094195982702956	284.88000000033367
1000000	562.310999999519	True	33.610300012155236	281.3440000003168
1000000	562.310999999519	False	34.06314752707917	285.8320000003382
1000000	562.310999999519	True	33.62169289743932	279.78300000030936
1000000	562.310999999519	False	34.065923922540804	286.01200000033907
1000000	562.310999999519	True	33.631346612641124	281.3090000003166
1000000	562.310999999519	False	34.0316852753778	285.76000000033787
1000000	562.310999999519	True	33.671168909778274	279.3620000003073
1000000	562.310999999519	False	34.08797234395213	285.779000000338
1000000	562.310999999519	True	33.6427764393228	281.17200000031596
1000000	562.310999999519	False	34.01234829145575	286.29900000034047
1000000	562.310999999519	True	33.70420906616482	280.57900000031316
1000000	562.310999999519	False	34.02121847638054	286.85900000034314
1000000	562.310999999519	True	33.67125241123557	281.50900000031754
1000000	562.310999999519	False	34.075944874077976	286.3130000003405
1000000	562.310999999519	True	33.695786720076356	281.814000000319
1000000	562.310999999519	False	34.08525352343364	285.4810000003365
1000000	562.310999999519	True	33.6324028163246	280.70300000031375
1000000	562.310999999519	False	34.143354879206335	285.9520000003388
1000000	562.310999999519	True	33.658144722353676	280.51800000031284
1000000	562.310999999519	False	34.03254936743018	284.2310000003306
1000000	562.310999999519	True	33.66284709515941	280.2120000003114
1000000	562.310999999519	False	34.06779021917651	286.83300000034296
1000000	562.310999999519	True	33.620902228867564	279.25300000030677
1000000	562.310999999519	False	34.08910073173157	284.8700000003336
1000000	562.310999999519	True	33.649874544562465	280.48900000031267
1000000	562.310999999519	False	34.10244308367126	284.81100000033337
1000000	562.310999999519	True	33.568700020775445	280.74800000031394
1000000	562.310999999519	False	34.152162490320066	285.0380000003344
1000000	562.310999999519	True	33.656315425175265	281.0850000003155
1000000	562.310999999519	False	34.08519674860372	285.30500000033567
1000000	562.310999999519	True	33.636057331330264	280.18800000031126
1000000	562.310999999519	False	34.07586815965145	285.0080000003343
1000000	562.310999999519	True	33.603214498257714	281.20800000031613
1000000	562.310999999519	False	34.08773349167687	285.2630000003355
1000000	562.310999999519	True	33.65178254015797	281.8480000003192
1000000	562.310999999519	False	34.20136478737947	285.7620000003379
1000000	562.310999999519	True	33.70416674992404	280.4000000003123
1000000	562.310999999519	False	34.09981126896227	284.3480000003311
1000000	562.310999999519	True	33.68460580901419	280.3240000003119
1000000	562.310999999519	False	34.1416220267583	284.87800000033366
1000000	562.310999999519	True	33.64145754294327	279.9880000003103
1000000	562.310999999519	False	34.13859247002444	287.7250000003472
1000000	562.310999999519	True	33.654831054666744	280.6540000003135
1000000	562.310999999519	False	34.04229328255178	286.37900000034085
1000000	562.310999999519	True	33.63485971732598	281.5470000003178
1000000	562.310999999519	False	34.016522601830815	286.94700000034356
1000000	562.310999999519	True	33.58910827083676	280.8230000003143
1000000	562.310999999519	False	34.13469651915955	285.6020000003371
1000000	562.310999999519	True	33.66682315230587	282.1750000003208
1000000	562.310999999519	False	34.143979890668575	285.5070000003367
1000000	562.310999999519	True	33.65179586122858	281.7700000003188
1000000	562.310999999519	False	34.105926399749876	285.77600000033794
1000000	562.310999999519	True	33.61710255037546	280.8480000003144
1000000	562.310999999519	False	34.02796312575218	286.42800000034106
1000000	562.310999999519	True	33.72089236041227	280.8860000003146
1000000	562.310999999519	False	34.03311728297132	286.24100000034014
1000000	562.310999999519	True	33.62165794617583	279.8860000003098
1000000	562.310999999519	False	34.07643266956458	285.3490000003359
1000000	562.310999999519	True	33.66501768163865	282.1400000003206
1000000	562.310999999519	False	33.96132225877153	286.5830000003418
1000000	562.310999999519	True	33.66954629077355	281.9550000003197
1000000	562.310999999519	False	34.04920862245379	285.18300000033514
1000000	562.310999999519	True	33.61431425093524	280.8190000003143
1000000	562.310999999519	False	34.03820734891842	285.6790000003375
1000000	562.310999999519	True	33.70348081101635	280.50100000031273
1000000	562.310999999519	False	34.11101936248552	284.72800000033294
1000000	562.310999999519	True	33.603078066998144	281.7590000003188
1000000	562.310999999519	False	34.07044001597163	285.9100000003386
1000000	562.310999999519	True	33.71937238907943	280.64200000031343
1000000	562.310999999519	False	34.005300122116665	286.38600000034086
1000000	562.310999999519	True	33.57896963992097	280.53100000031293
1000000	562.310999999519	False	34.092991314545486	285.782000000338
1000000	562.310999999519	True	33.691515733050494	279.3740000003074
1000000	562.310999999519	False	34.046477972290404	286.28900000034037
1000000	562.310999999519	True	33.55123097416005	282.21400000032094
1000000	562.310999999519	False	34.117443894243074	285.6550000003374
1000000	562.310999999519	True	33.64479458644787	281.2190000003162
1000000	562.310999999519	False	34.01400889601488	285.5610000003369
1000000	562.310999999519	True	33.717106598858436	280.7710000003141
1000000	562.310999999519	False	34.12745641132469	286.29800000034044
1000000	562.310999999519	True	33.6342328204523	281.3470000003168
1000000	562.310999999519	False	34.18397674851241	285.151000000335
1000000	562.310999999519	True	33.65268407903559	280.9500000003149
1000000	562.310999999519	False	34.041093956361706	284.6340000003325
1000000	562.310999999519	True	33.713781161925425	280.75200000031396
1000000	562.310999999519	False	34.07957048654632	285.94900000033874
1000000	562.310999999519	True	33.643407297598216	280.134000000311
1000000	562.310999999519	False	34.04461420133393	285.1310000003349
1000000	562.310999999519	True	33.584151024222436	280.5910000003132
1000000	562.310999999519	False	34.05128127438994	285.793000000338
1000000	562.310999999519	True	33.66106512819692	280.8090000003142
1000000	562.310999999519	False	34.06802706086776	286.005000000339
1000000	562.310999999519	True	33.63866905768543	281.73100000031866
1000000	562.310999999519	False	34.101349959875506	284.957000000334
1000000	562.310999999519	True	33.68556279243394	281.5320000003177
1000000	562.310999999519	False	34.168504660841876	286.6570000003421
1000000	562.310999999519	True	33.665133522239245	280.766000000314
1000000	562.310999999519	False	34.076165792769416	286.00900000033903
1000000	562.310999999519	True	33.62382701679563	281.02400000031525
1000000	562.310999999519	False	34.083942509190535	285.29800000033566
1000000	562.310999999519	True	33.60406422748803	280.6010000003132
1000000	562.310999999519	False	34.06313458140642	284.97100000033413
1000000	562.310999999519	True	33.664202056925376	281.10300000031566
1000000	562.310999999519	False	34.051539740467	285.41900000033627
1000000	562.310999999519	True	33.66435109224339	279.73300000030906
1000000	562.310999999519	False	34.05184713031248	284.3850000003313
1000000	562.310999999519	True	33.600779115855985	281.48600000031746
1000000	562.310999999519	False	34.00103665704192	286.8850000003432
1000000	562.310999999519	True	33.635955957705434	280.769000000314
1000000	562.310999999519	False	34.08714417951096	285.65000000033734
1000000	562.310999999519	True	33.663692566188075	282.1190000003205
1000000	562.310999999519	False	34.07692268980381	286.0710000003394
1000000	562.310999999519	True	33.62527498657896	281.13000000031576
1000000	562.310999999519	False	34.067656407549826	285.8430000003383
1000000	562.310999999519	True	33.62251603421045	279.6730000003088
1000000	562.310999999519	False	34.051249084354765	286.55600000034167
1000000	562.310999999519	True	33.665919152847636	281.2590000003164
1000000	562.310999999519	False	34.15027989312195	285.8030000003381
1000000	562.310999999519	True	33.63783439315396	281.27800000031647
1000000	562.310999999519	False	34.04990574963466	284.96000000033405
1000000	562.310999999519	True	33.59114199395776	281.4500000003173
1000000	562.310999999519	False	34.04128090766652	285.61200000033716
1000000	562.310999999519	True	33.62678497332724	280.4900000003127
1000000	562.310999999519	False	34.04020137128421	285.25100000033547
1000000	562.310999999519	True	33.63535433074676	280.7980000003142
1000000	562.310999999519	False	34.05687377621378	285.2460000003354
1000000	562.310999999519	True	33.681027047842974	280.81800000031427
1000000	562.310999999519	False	34.04836105386221	284.86100000033355
1000000	562.310999999519	True	33.64042998041584	280.30300000031184
1000000	562.310999999519	False	34.107250218961354	285.9120000003386
1000000	562.310999999519	True	33.642436159327715	280.7200000003138
1000000	562.310999999519	False	34.06189868927406	285.58700000033707
1000000	562.310999999519	True	33.62497933696791	280.36700000031215
1000000	562.310999999519	False	34.04992028847458	285.1950000003352
1000000	562.310999999519	True	33.71721206891722	280.32300000031194
1000000	562.310999999519	False	34.00027855151256	285.4900000003366
1000000	562.310999999519	True	33.59667994186534	280.27200000031166
1000000	562.310999999519	False	34.06819152691421	285.0170000003343
1000000	562.310999999519	True	33.5764416526564	281.3100000003166
1000000	562.310999999519	False	34.04901443921256	285.7530000003378
1000000	562.310999999519	True	33.65595869475207	280.5730000003131
1000000	562.310999999519	False	33.99997076005391	284.9130000003338
1000000	562.310999999519	True	33.64475381581657	280.04500000031055
1000000	562.310999999519	False	34.01509246039757	286.4320000003411
1000000	562.310999999519	True	33.63283154763015	281.54300000031776
1000000	562.310999999519	False	34.08416950206213	286.15100000033976
1000000	562.310999999519	True	33.671030900840094	280.05100000031064
1000000	562.310999999519	False	34.03958891127401	284.4840000003318
1000000	562.310999999519	True	33.66455869014223	280.9260000003148
1000000	562.310999999519	False	34.108817802000175	284.1650000003302
1000000	562.310999999519	True	33.67529805787728	281.4030000003171
1000000	562.310999999519	False	34.09995853049139	284.8080000003333
1000000	562.310999999519	True	33.61777720908951	280.25200000031157
1000000	562.310999999519	False	34.032706629353356	284.1650000003302
1000000	562.310999999519	True	33.59402356096949	280.38700000031224
1000000	562.310999999519	False	34.085883139137735	285.8320000003382
1000000	562.310999999519	True	33.55768340540956	279.30200000030703
1000000	562.310999999519	False	34.030611830473596	285.6460000003373
1000000	562.310999999519	True	33.5986075821465	280.6200000003133
1000000	562.310999999519	False	34.09903903003759	285.31100000033575
1000000	562.310999999519	True	33.672060470822935	281.4310000003172
1000000	562.310999999519	False	34.058343791328234	286.07700000033935
1000000	562.310999999519	True	33.684118899768805	280.3600000003121
1000000	562.310999999519	False	34.09265680604567	284.3450000003311
1000000	562.310999999519	True	33.64324819315651	281.5650000003178
1000000	562.310999999519	False	34.049124589044624	285.94200000033874
1000000	562.310999999519	True	33.598407553987506	280.48100000031263
1000000	562.310999999519	False	33.99499259708932	285.589000000337
1000000	562.310999999519	True	33.67706809780162	280.80700000031425
1000000	562.310999999519	False	34.1479093893614	286.32500000034054
1000000	562.310999999519	True	33.605881801795434	280.8030000003142
1000000	562.310999999519	False	34.101584181049795	286.2290000003401
1000000	562.310999999519	True	33.616626238578704	280.8390000003144
1000000	562.310999999519	False	34.10122106736897	285.797000000338
1000000	562.310999999519	True	33.63458522488128	281.7000000003185
1000000	562.310999999519	False	34.013170027312455	285.5050000003366
1000000	562.310999999519	True	33.66030932127161	280.37600000031216
1000000	562.310999999519	False	34.157999488117284	285.91900000033866
1000000	562.310999999519	True	33.64284167971016	280.61500000031333
1000000	562.310999999519	False	34.03617687415928	285.7990000003381
1000000	562.310999999519	True	33.720112498608	280.6100000003133
1000000	562.310999999519	False	34.018272546796055	285.7280000003377
1000000	562.310999999519	True	33.61417648332211	280.8430000003144
1000000	562.310999999519	False	34.13857168082373	284.4000000003314
1000000	562.310999999519	True	33.55742626400277	280.01600000031044
1000000	562.310999999519	False	34.09583356188086	285.48900000033655
1000000	562.310999999519	True	33.6749046301145	280.4280000003124
1000000	562.310999999519	False	34.14026936918598	285.99700000033897
1000000	562.310999999519	True	33.72744822183172	279.720000000309
1000000	562.310999999519	False	34.124099545131074	285.3100000003357
1000000	562.310999999519	True	33.60943329440488	281.0800000003155
1000000	562.310999999519	False	34.093689138668886	285.85100000033833
1000000	562.310999999519	True	33.70138596941024	280.3840000003122
1000000	562.310999999519	False	34.100164687625835	285.3470000003359
1000000	562.310999999519	True	33.64626231885019	279.4690000003078
1000000	562.310999999519	False	34.043169232166264	285.995000000339
1000000	562.310999999519	True	33.65935429747289	281.3260000003167
1000000	562.310999999519	False	34.055755678089305	284.25900000033073
1000000	562.310999999519	True	33.64909244340639	280.8240000003143
1000000	562.310999999519	False	34.12384047798412	285.8190000003382
1000000	562.310999999519	True	33.78932211051264	280.6360000003134
1000000	562.310999999519	False	34.01668575029222	285.2450000003354
1000000	562.310999999519	True	33.621306038806075	281.3630000003169
1000000	562.310999999519	False	33.97687364511834	284.6710000003327
1000000	562.310999999519	True	33.650782456140234	280.9480000003149
1000000	562.310999999519	False	34.06464948147908	286.2920000003404
1000000	562.310999999519	True	33.63010915992654	280.66400000031354
1000000	562.310999999519	False	34.121073869468646	285.6510000003374
1000000	562.310999999519	True	33.63469055268135	281.29100000031656
1000000	562.310999999519	False	34.078844560743335	284.71300000033284
1000000	562.310999999519	True	33.580427705701396	280.95800000031494
1000000	562.310999999519	False	34.07402692886723	285.5140000003367
1000000	562.310999999519	True	33.6633079073577	281.2680000003164
1000000	562.310999999519	False	34.04071323223141	285.6780000003375
1000000	562.310999999519	True	33.57265518299843	281.19000000031605
1000000	562.310999999519	False	34.15593111533079	286.40600000034095
1000000	562.310999999519	True	33.685505825587896	280.69700000031366
1000000	562.310999999519	False	34.078117732965104	285.3260000003358
1000000	562.310999999519	True	33.63251777230705	281.6380000003182
1000000	562.310999999519	False	34.045357345832436	285.576000000337
1000000	562.310999999519	True	33.60799573010024	280.6180000003133
1000000	562.310999999519	False	34.0850760383977	285.48400000033655
1000000	562.310999999519	True	33.60909087751472	280.20300000031136
1000000	562.310999999519	False	34.13751177564626	284.86700000033363
1000000	562.310999999519	True	33.64291110607099	280.71300000031374
1000000	562.310999999519	False	34.154695981248565	286.90400000034333
1000000	562.310999999519	True	33.632981495273185	280.48000000031266
1000000	562.310999999519	False	34.0393429470116	286.0910000003395
1000000	562.310999999519	True	33.531357785833706	281.43800000031723
1000000	562.310999999519	False	34.07885355844601	284.5700000003322
1000000	562.310999999519	True	33.677155493346376	280.79100000031417
1000000	562.310999999519	False	34.04750873563208	285.91900000033866
1000000	562.310999999519	True	33.62930479751829	280.3990000003123
1000000	562.310999999519	False	34.08233933675943	286.0790000003394
1000000	562.310999999519	True	33.7305292643211	280.81600000031426
1000000	562.310999999519	False	34.109127450350385	284.2210000003305
1000000	562.310999999519	True	33.616653793576944	279.65500000030875
1000000	562.310999999519	False	34.092810370118784	284.6320000003325
1000000	562.310999999519	True	33.73288268049562	281.2490000003163
1000000	562.310999999519	False	33.98348467336236	285.0510000003345
1000000	562.310999999519	True	33.59963243206727	280.0170000003104
1000000	562.310999999519	False	34.14793922618644	285.5180000003367
1000000	562.310999999519	True	33.62147900607178	280.29400000031177
1000000	562.310999999519	False	34.18310978877045	285.58800000033705
1000000	562.310999999519	True	33.6543411868307	281.25400000031635
1000000	562.310999999519	False	34.065498893642506	285.6260000003372
1000000	562.310999999519	True	33.70415192153768	281.13700000031577
1000000	562.310999999519	False	34.02279054236722	285.3320000003358
1000000	562.310999999519	True	33.631255249084774	280.64900000031344
1000000	562.310999999519	False	34.11448227237463	285.160000000335
1000000	562.310999999519	True	33.677333703721544	280.57500000031314
1000000	562.310999999519	False	34.018551396501685	284.8870000003337
1000000	562.310999999519	True	33.65867378787513	281.0450000003153
1000000	562.310999999519	False	34.14388854912869	284.27700000033076
1000000	562.310999999519	True	33.6017060762765	281.42900000031716
1000000	562.310999999519	False	34.049977944923825	286.2590000003403
1000000	562.310999999519	True	33.56761150544022	282.01300000031995
1000000	562.310999999519	False	34.05616403245903	286.04600000033923
1000000	562.310999999519	True	33.611802898917034	280.29300000031174
1000000	562.310999999519	False	34.14365359064092	285.5070000003367
1000000	562.310999999519	True	33.694863578886185	281.2480000003163
1000000	562.310999999519	False	34.04692044457887	285.15200000033497
1000000	562.310999999519	True	33.685812335912615	280.38700000031224
1000000	562.310999999519	False	34.09706283280118	287.50700000034624
1000000	562.310999999519	True	33.64590630903895	281.3390000003168
1000000	562.310999999519	False	34.05186319806567	285.48600000033656
1000000	562.310999999519	True	33.64725009440215	280.4320000003124
1000000	562.310999999519	False	34.077768535839496	284.5810000003322
1000000	562.310999999519	True	33.7167633402832	281.0360000003153
1000000	562.310999999519	False	34.078965980502254	284.69700000033276
1000000	562.310999999519	True	33.69996920682802	281.176000000316
1000000	562.310999999519	False	33.98145698964062	286.32000000034054
1000000	562.310999999519	True	33.59019204073245	281.71400000031855
1000000	562.310999999519	False	34.16535442002713	285.48200000033654
1000000	562.310999999519	True	33.69361584510524	280.3090000003118
1000000	562.310999999519	False	34.11548048909711	285.5000000003366
1000000	562.310999999519	True	33.51730000320092	281.2990000003166
1000000	562.310999999519	False	34.114624658916405	284.6250000003324
1000000	562.310999999519	True	33.66581680699223	281.8700000003193
1000000	562.310999999519	False	34.041709949462984	286.35300000034067
1000000	562.310999999519	True	33.657945228730796	280.9300000003148
1000000	562.310999999519	False	34.03266256618971	284.71700000033286
1000000	562.310999999519	True	33.695102538484036	280.10500000031084
1000000	562.310999999519	False	34.05949510579058	286.9340000003435
1000000	562.310999999519	True	33.59756807381827	279.6630000003088
1000000	562.310999999519	False	34.007564491493596	285.576000000337
1000000	562.310999999519	True	33.574815346583975	280.756000000314
1000000	562.310999999519	False	34.12293634765801	285.4830000003366
1000000	562.310999999519	True	33.74507366326645	282.5400000003225
1000000	562.310999999519	False	33.99458638556863	284.83700000033343
1000000	562.310999999519	True	33.603473633306514	280.43600000031245
1000000	562.310999999519	False	34.058181047321725	285.6090000003371
1000000	562.310999999519	True	33.57572224673419	281.5380000003177
1000000	562.310999999519	False	34.014402445216135	285.7990000003381
1000000	562.310999999519	True	33.66489725345832	280.39800000031227
1000000	562.310999999519	False	34.1595397880244	284.946000000334
1000000	562.310999999519	True	33.650616069069656	280.0090000003104
1000000	562.310999999519	False	34.06285991328608	285.5690000003369
1000000	562.310999999519	True	33.601188980311285	280.70700000031377
1000000	562.310999999519	False	34.066578068238876	285.46200000033645
1000000	562.310999999519	True	33.54923542594607	280.3750000003122
1000000	562.310999999519	False	34.052909841400634	286.44600000034114
1000000	562.310999999519	True	33.6449649502686	280.93800000031484
1000000	562.310999999519	False	34.063476377375224	283.5990000003276
1000000	562.310999999519	True	33.651480197843874	281.27200000031644
1000000	562.310999999519	False	34.15573166423008	284.2200000003305
1000000	562.310999999519	True	33.62039805313125	281.0850000003155
1000000	562.310999999519	False	34.008389897110185	285.59200000033707
1000000	562.310999999519	True	33.5845814717384	280.9320000003148
1000000	562.310999999519	False	34.111547986515994	284.6780000003327
1000000	562.310999999519	True	33.71755618324357	280.4320000003124
1000000	562.310999999519	False	34.09031418136992	285.52200000033673
1000000	562.310999999519	True	33.577979397761496	280.4240000003124
1000000	562.310999999519	False	34.05143149084252	285.31200000033573
1000000	562.310999999519	True	33.713949116130685	280.2070000003114
1000000	562.310999999519	False	34.05947870739453	285.14800000033495
1000000	562.310999999519	True	33.67355290146502	281.4270000003172
1000000	562.310999999519	False	34.028406005338	285.0100000003343
1000000	562.310999999519	True	33.65113555897727	280.6620000003135
1000000	562.310999999519	False	34.07713056134547	285.6980000003376
1000000	562.310999999519	True	33.6295703066348	280.0370000003105
1000000	562.310999999519	False	34.0282099284034	284.45100000033165
1000000	562.310999999519	True	33.74861070317249	279.8290000003095
1000000	562.310999999519	False	34.062944325146304	285.44200000033635
1000000	562.310999999519	True	33.6174248860881	280.29400000031177
1000000	562.310999999519	False	34.082571812339715	285.00400000033426
1000000	562.310999999519	True	33.6729148305501	280.8900000003146
1000000	562.310999999519	False	34.02603677248298	286.69500000034236
1000000	562.310999999519	True	33.68063491533893	278.97400000030547
1000000	562.310999999519	False	33.96708836342246	284.2850000003308
1000000	562.310999999519	True	33.69271937354007	280.5920000003132
1000000	562.310999999519	False	34.08760764017759	285.19700000033515
1000000	562.310999999519	True	33.655851145089635	281.5610000003178
1000000	562.310999999519	False	34.04787931703564	284.3790000003313
1000000	562.310999999519	True	33.61607391391347	281.74100000031865
1000000	562.310999999519	False	34.06899996639154	284.95100000033403
1000000	562.310999999519	True	33.63122786715239	281.2240000003162
1000000	562.310999999519	False	34.07033075626515	285.6460000003373
1000000	562.310999999519	True	33.626043872797425	279.5240000003081
1000000	562.310999999519	False	34.166040220440514	284.4830000003318
1000000	562.310999999519	True	33.63172962894703	281.46900000031735
1000000	562.310999999519	False	33.97837245554362	286.0070000003391
1000000	562.310999999519	True	33.62733148293381	279.92600000031
1000000	562.310999999519	False	34.01948850920974	285.4320000003363
1000000	562.310999999519	True	33.573855411454005	280.0280000003105
1000000	562.310999999519	False	34.032481234875675	285.77800000033795
1000000	562.310999999519	True	33.59198159436022	279.6170000003085
1000000	562.310999999519	False	34.026276661970016	286.2720000003403
1000000	562.310999999519	True	33.67484407684272	279.82800000030954
1000000	562.310999999519	False	34.084368896185325	285.8560000003383
1000000	562.310999999519	True	33.66050904626734	280.87600000031455
1000000	562.310999999519	False	34.11621041112657	285.6550000003374
1000000	562.310999999519	True	33.672539415888565	280.96500000031494
1000000	562.310999999519	False	34.13332443053319	285.7280000003377
1000000	562.310999999519	True	33.63433540162433	281.54900000031773
1000000	562.310999999519	False	34.01145252029944	286.0710000003394
1000000	562.310999999519	True	33.68235842608287	279.41300000030753
1000000	562.310999999519	False	34.06564489520912	285.09300000033465
1000000	562.310999999519	True	33.672211077549406	280.0100000003104
1000000	562.310999999519	False	34.04068417119991	284.32100000033097
1000000	562.310999999519	True	33.64208144702956	280.30300000031184
1000000	562.310999999519	False	34.04688983814471	285.582000000337
1000000	562.310999999519	True	33.66340957972611	280.6370000003134
1000000	562.310999999519	False	34.175233658003336	286.2730000003403
1000000	562.310999999519	True	33.65510242757439	281.0100000003152
1000000	562.310999999519	False	34.14052562008475	286.19200000033993
1000000	562.310999999519	True	33.67519443031048	281.24100000031626
1000000	562.310999999519	False	34.04745998439873	283.913000000329
1000000	562.310999999519	True	33.705276348678424	280.5360000003129
1000000	562.310999999519	False	33.96434179424112	286.6080000003419
1000000	562.310999999519	True	33.629068523378564	280.2610000003116
1000000	562.310999999519	False	34.05567963597107	286.2480000003402
1000000	562.310999999519	True	33.66859617869257	280.60800000031327
1000000	562.310999999519	False	34.04964442722816	285.37600000033603
1000000	562.310999999519	True	33.69807510562612	280.68600000031364
1000000	562.310999999519	False	34.085302375668775	284.6580000003326
1000000	562.310999999519	True	33.669135897140464	281.3640000003169
1000000	562.310999999519	False	34.1227314945245	285.3500000003359
1000000	562.310999999519	True	33.65741094345647	280.6380000003134
1000000	562.310999999519	False	33.999275664871305	284.5480000003321
1000000	562.310999999519	True	33.631640167580244	281.73100000031866
1000000	562.310999999519	False	34.101903054893434	285.0010000003342
1000000	562.310999999519	True	33.715357014300494	280.5030000003128
1000000	562.310999999519	False	34.10672695618797	285.54400000033684
1000000	562.310999999519	True	33.66359614019941	281.1350000003158
1000000	562.310999999519	False	34.06595006051468	284.5100000003319
1000000	562.310999999519	True	33.66541586267739	280.7780000003141
1000000	562.310999999519	False	34.02911023738656	285.3370000003358
1000000	562.310999999519	True	33.52697963663244	281.6190000003181
1000000	562.310999999519	False	34.09297033720344	285.98800000033896
1000000	562.310999999519	True	33.59209358009883	280.3930000003122
1000000	562.310999999519	False	34.06826771408069	285.7400000003378
1000000	562.310999999519	True	33.58370718704485	280.54200000031295
1000000	562.310999999519	False	34.04276466250293	285.782000000338
1000000	562.310999999519	True	33.71384144445112	281.605000000318
1000000	562.310999999519	False	34.027220705634775	286.0560000003393
1000000	562.310999999519	True	33.727819368700175	280.7190000003138
1000000	562.310999999519	False	34.097752454292774	285.62800000033724
1000000	562.310999999519	True	33.58772825386537	282.03300000032004
1000000	562.310999999519	False	34.10115084263427	285.79100000033804
1000000	562.310999999519	True	33.7255611977545	280.33700000031195
1000000	562.310999999519	False	34.04153620984752	285.6690000003374
1000000	562.310999999519	True	33.68694095273741	281.9580000003197
1000000	562.310999999519	False	34.110330002601465	284.7250000003329
1000000	562.310999999519	True	33.64133867933202	281.2890000003165
1000000	562.310999999519	False	34.14348702433402	284.83100000033346
1000000	562.310999999519	True	33.7507459818538	280.79600000031417
1000000	562.310999999519	False	34.08504491007852	284.95600000033403
1000000	562.310999999519	True	33.61984562772999	281.3480000003168
1000000	562.310999999519	False	34.10472128021344	285.06300000033457
1000000	562.310999999519	True	33.52925710542659	280.5910000003132
1000000	562.310999999519	False	33.995317269834636	286.39500000034093
1000000	562.310999999519	True	33.617498080984745	279.4110000003076
1000000	562.310999999519	False	34.15613996036073	286.831000000343
1000000	562.310999999519	True	33.711425092446504	281.77600000031885
1000000	562.310999999519	False	33.96160184779579	285.5320000003368
1000000	562.310999999519	True	33.65615203579597	279.60200000030846
1000000	562.310999999519	False	34.11558921537008	285.66300000033743
1000000	562.310999999519	True	33.66397911937524	281.3390000003168
1000000	562.310999999519	False	34.081112211756334	285.92800000033867
1000000	562.310999999519	True	33.52337134835861	281.0370000003153
1000000	562.310999999519	False	34.05155246258811	285.96300000033887
1000000	562.310999999519	True	33.626628805248544	279.96100000031015
1000000	562.310999999519	False	34.00185264117038	285.2250000003353
1000000	562.310999999519	True	33.61124389277302	280.54200000031295
1000000	562.310999999519	False	34.04787869153941	285.04900000033444
1000000	562.310999999519	True	33.68402169652318	281.2800000003165
1000000	562.310999999519	False	34.11698144142348	285.8070000003381
1000000	562.310999999519	True	33.634838233375234	280.6600000003135
1000000	562.310999999519	False	34.07967317161777	285.76000000033787
1000000	562.310999999519	True	33.582704873125216	280.5300000003129
1000000	562.310999999519	False	34.02016821188438	284.35700000033114
1000000	562.310999999519	True	33.54167790475607	279.5500000003082
1000000	562.310999999519	False	34.08521011916942	287.265000000345
1000000	562.310999999519	True	33.557193605383134	281.9180000003195
1000000	562.310999999519	False	34.07597107769221	284.1320000003301
1000000	562.310999999519	True	33.60150849079063	281.3500000003168
1000000	562.310999999519	False	34.04621775940318	285.97000000033887
1000000	562.310999999519	True	33.70474442450244	280.73200000031386
1000000	562.310999999519	False	34.14414612838887	284.68300000033275
1000000	562.310999999519	True	33.61073627100639	280.76700000031406
1000000	562.310999999519	False	34.0991246951687	286.2190000003401
1000000	562.310999999519	True	33.65153976608877	280.86000000031447
1000000	562.310999999519	False	34.114986979558694	285.51900000033675
1000000	562.310999999519	True	33.60834301169837	279.4040000003075
1000000	562.310999999519	False	34.11944880123929	285.3490000003359
1000000	562.310999999519	True	33.75163512514042	279.0020000003056
1000000	562.310999999519	False	34.16101326933028	285.11300000033475
1000000	562.310999999519	True	33.62644206317728	280.9240000003148
1000000	562.310999999519	False	34.11577946067974	284.75400000033306
1000000	562.310999999519	True	33.62481265009511	280.55900000031306
1000000	562.310999999519	False	34.14161156008937	285.59200000033707
1000000	562.310999999519	True	33.62921810779601	280.36100000031206
1000000	562.310999999519	False	34.02230008507868	285.3480000003359
1000000	562.310999999519	True	33.665246542975225	281.25000000031633
1000000	562.310999999519	False	34.123257260568835	285.7150000003377
1000000	562.310999999519	True	33.57221874311282	280.48200000031267
1000000	562.310999999519	False	34.15431594588166	284.8420000003335
1000000	562.310999999519	True	33.5659337363052	280.89500000031467
1000000	562.310999999519	False	34.07741587224655	287.08500000034417
1000000	562.310999999519	True	33.62230795704461	280.556000000313
1000000	562.310999999519	False	34.07885658691222	286.28500000034035
1000000	562.310999999519	True	33.684949573613935	282.39500000032183
1000000	562.310999999519	False	34.09943929842325	285.88500000033844
1000000	562.310999999519	True	33.58356841539705	280.4670000003126
1000000	562.310999999519	False	34.07962283260541	284.64400000033254
1000000	562.310999999519	True	33.64192282972816	280.42500000031237
1000000	562.310999999519	False	34.08577324910736	287.45000000034594
1000000	562.310999999519	True	33.605832855060704	280.5360000003129
1000000	562.310999999519	False	34.04506401018127	283.8650000003288
1000000	562.310999999519	True	33.573771213760025	279.8290000003095
1000000	562.310999999519	False	34.0483143929997	285.790000000338
1000000	562.310999999519	True	33.589960737960055	279.46100000030776
1000000	562.310999999519	False	34.085104183882294	283.91200000032904
1000000	562.310999999519	True	33.580449676781484	282.10300000032043
1000000	562.310999999519	False	34.04557331268809	285.1910000003352
1000000	562.310999999519	True	33.59191776536788	280.25200000031157
1000000	562.310999999519	False	34.084546681063	286.1150000003396
1000000	562.310999999519	True	33.63820708472032	280.123000000311
1000000	562.310999999519	False	33.99249949567765	284.8290000003334
1000000	562.310999999519	True	33.62502867151777	280.3650000003121
1000000	562.310999999519	False	34.08228062447654	285.2530000003354
1000000	562.310999999519	True	33.659616867263935	281.04900000031535
1000000	562.310999999519	False	34.103859135952774	285.90600000033857
1000000	562.310999999519	True	33.59720990493717	280.20400000031134
1000000	562.310999999519	False	34.06880148961281	285.65200000033735
1000000	562.310999999519	True	33.58384801136742	280.3000000003118
1000000	562.310999999519	False	34.04656968425276	285.2640000003355
1000000	562.310999999519	True	33.64053465078655	280.38700000031224
1000000	562.310999999519	False	34.0744454190735	285.9120000003386
1000000	562.310999999519	True	33.69904972219577	280.4630000003126
1000000	562.310999999519	False	34.12034746589071	286.9000000003433
1000000	562.310999999519	True	33.59859197034038	280.16800000031117
1000000	562.310999999519	False	34.06982062224601	285.21600000033527
1000000	562.310999999519	True	33.55542409168942	279.58000000030836
1000000	562.310999999519	False	33.99995447345178	284.86700000033363
1000000	562.310999999519	True	33.59142617862627	281.2250000003162
1000000	562.310999999519	False	34.001148286258235	285.7550000003379
1000000	562.310999999519	True	33.557684851533466	281.2440000003163
1000000	562.310999999519	False	34.107406369548116	284.527000000332
1000000	562.310999999519	True	33.66539598022234	281.181000000316
1000000	562.310999999519	False	34.09131131853387	285.44900000033635
1000000	562.310999999519	True	33.67320373121626	279.77000000030927
1000000	562.310999999519	False	34.07195916684787	285.2040000003352
1000000	562.310999999519	True	33.628361679494134	280.05800000031064
1000000	562.310999999519	False	34.00303325834111	286.0580000003393
1000000	562.310999999519	True	33.68884123464911	280.3590000003121
1000000	562.310999999519	False	34.054781632466934	285.08600000033465
1000000	562.310999999519	True	33.673994346009	279.7380000003091
1000000	562.310999999519	False	34.05934287570085	286.01300000033905
1000000	562.310999999519	True	33.59816709871574	280.70600000031374
1000000	562.310999999519	False	34.100060961183345	284.12500000033003
1000000	562.310999999519	True	33.65953963730061	281.4610000003173
1000000	562.310999999519	False	34.167592083563065	285.7350000003378
1000000	562.310999999519	True	33.60963064480357	281.27100000031646
1000000	562.310999999519	False	34.10703198610365	284.6740000003327
1000000	562.310999999519	True	33.671553686713004	280.0920000003108
1000000	562.310999999519	False	34.04421283969559	285.08900000033464
1000000	562.310999999519	True	33.582077827094665	280.1140000003109
1000000	562.310999999519	False	34.05629748449166	286.43000000034107
1000000	562.310999999519	True	33.590455534413536	280.0760000003107
1000000	562.310999999519	False	34.01588347746872	284.6760000003327
1000000	562.310999999519	True	33.73742696668177	281.384000000317
1000000	562.310999999519	False	34.10530280109795	286.1430000003397
1000000	562.310999999519	True	33.646099515846565	280.4420000003125
1000000	562.310999999519	False	34.08065873686658	286.7570000003426
1000000	562.310999999519	True	33.568560789442124	280.5070000003128
1000000	562.310999999519	False	34.01899370089097	286.1110000003396
1000000	562.310999999519	True	33.69421190981191	280.72700000031386
1000000	562.310999999519	False	34.04932559334473	285.0030000003343
1000000	562.310999999519	True	33.67781138641021	280.88000000031457
1000000	562.310999999519	False	34.05566934724423	285.36100000033593
1000000	562.310999999519	True	33.6482422732594	279.64500000030864
1000000	562.310999999519	False	34.0610105546544	285.0950000003347
1000000	562.310999999519	True	33.57514647988347	281.27200000031644
1000000	562.310999999519	False	34.09276225828599	286.05300000033924
1000000	562.310999999519	True	33.58856349279428	280.2340000003115
1000000	562.310999999519	False	34.12830439388031	285.00600000033427
1000000	562.310999999519	True	33.66923096495337	280.47800000031265
1000000	562.310999999519	False	34.09898836123547	286.45000000034116
1000000	562.310999999519	True	33.64117473955363	279.294000000307
1000000	562.310999999519	False	34.143904226090136	285.6150000003372
1000000	562.310999999519	True	33.68452471519214	280.49800000031274
1000000	562.310999999519	False	33.985151419636225	285.4830000003366
1000000	562.310999999519	True	33.56481774801359	280.0390000003106
1000000	562.310999999519	False	34.09236156215632	286.49700000034136
1000000	562.310999999519	True	33.60612699050474	280.80700000031425
1000000	562.310999999519	False	34.09232086328731	285.3030000003357
1000000	562.310999999519	True	33.71696766443693	280.5340000003129
1000000	562.310999999519	False	34.03997109687461	286.619000000342
1000000	562.310999999519	True	33.58898819301386	281.379000000317
1000000	562.310999999519	False	34.06380803528532	286.4690000003412
1000000	562.310999999519	True	33.654523981968964	281.4870000003175
1000000	562.310999999519	False	34.05283397032041	285.73400000033774
1000000	562.310999999519	True	33.7378278283816	281.2730000003164
1000000	562.310999999519	False	33.99237054740249	285.40500000033614
1000000	562.310999999519	True	33.69849853465614	280.970000000315
1000000	562.310999999519	False	34.10765169777092	285.8480000003383
1000000	562.310999999519	True	33.602919768000206	280.6760000003136
1000000	562.310999999519	False	34.081974122257265	285.69100000033757
1000000	562.310999999519	True	33.7262267634865	279.53400000030814
1000000	562.310999999519	False	34.101459412858745	285.25600000033546
1000000	562.310999999519	True	33.59802340079274	281.13700000031577
1000000	562.310999999519	False	34.055853259042564	285.3260000003358
1000000	562.310999999519	True	33.65157565904441	279.75300000030916
1000000	562.310999999519	False	34.157828980317284	285.0700000003346
1000000	562.310999999519	True	33.61983649178032	279.74900000030914
1000000	562.310999999519	False	34.02875767562428	287.0890000003442
1000000	562.310999999519	True	33.54726955388448	280.16400000031115
1000000	562.310999999519	False	34.0487028218343	284.9340000003339
1000000	562.310999999519	True	33.562472196243355	280.52500000031284
1000000	562.310999999519	False	34.0434294826338	284.62300000033247
1000000	562.310999999519	True	33.62155011294842	281.03300000031527
1000000	562.310999999519	False	34.05544673866269	285.4010000003361
1000000	562.310999999519	True	33.700490554331004	280.2450000003115
1000000	562.310999999519	False	34.05195816558683	285.8920000003385
1000000	562.310999999519	True	33.63000966759132	281.1270000003158
1000000	562.310999999519	False	33.99144930489588	285.4510000003364
1000000	562.310999999519	True	33.686631670214354	281.3100000003166
1000000	562.310999999519	False	34.00819554304339	284.8200000003334
1000000	562.310999999519	True	33.63577057497433	279.81000000030946
1000000	562.310999999519	False	34.065157747975	285.44500000033634
1000000	562.310999999519	True	33.68918398304168	280.8260000003143
1000000	562.310999999519	False	34.016445633089845	285.8730000003384
1000000	562.310999999519	True	33.64116685507089	280.44100000031244
1000000	562.310999999519	False	34.1015790681428	286.10700000033955
1000000	562.310999999519	True	33.6451068154701	281.176000000316
1000000	562.310999999519	False	34.04794830284615	285.363000000336
1000000	562.310999999519	True	33.52724511580188	280.37200000031214
1000000	562.310999999519	False	34.10205626264154	286.1550000003398
1000000	562.310999999519	True	33.66187170821722	281.9270000003196
1000000	562.310999999519	False	34.134951931730306	285.37600000033603
1000000	562.310999999519	True	33.677553620658266	279.1480000003063
1000000	562.310999999519	False	34.141216601938275	285.04600000033446
1000000	562.310999999519	True	33.572295257727404	280.2740000003117
1000000	562.310999999519	False	34.078964740756156	285.68100000033746
1000000	562.310999999519	True	33.63790023589071	280.2360000003115
1000000	562.310999999519	False	34.08672755102958	284.56900000033215
1000000	562.310999999519	True	33.58665726782171	280.8230000003143
1000000	562.310999999519	False	34.08791304799473	285.5270000003368
1000000	562.310999999519	True	33.67777582496947	281.6400000003182
1000000	562.310999999519	False	34.071561261749224	286.7060000003424
1000000	562.310999999519	True	33.702227599944166	282.34400000032156
1000000	562.310999999519	False	34.11717764332581	284.9930000003342
1000000	562.310999999519	True	33.70689479735029	281.2850000003165
1000000	562.310999999519	False	34.15508425878372	286.3130000003405
1000000	562.310999999519	True	33.633028670635476	282.1430000003206
1000000	562.310999999519	False	34.0228698115352	285.0010000003342
1000000	562.310999999519	True	33.70695612900488	278.8310000003048
1000000	562.310999999519	False	34.05137228658718	284.3840000003313
1000000	562.310999999519	True	33.60049821347522	281.4340000003172
1000000	562.310999999519	False	34.133614232749395	284.97100000033413
1000000	562.310999999519	True	33.618311374922676	280.981000000315
1000000	562.310999999519	False	34.05239849589473	286.4470000003412
1000000	562.310999999519	True	33.54932283763584	280.91100000031474
1000000	562.310999999519	False	34.089388493986974	285.2790000003356
1000000	562.310999999519	True	33.624887283967325	280.69900000031373
1000000	562.310999999519	False	34.05465190120779	286.19200000033993
1000000	562.310999999519	True	33.60481668791287	280.6510000003135
1000000	562.310999999519	False	34.02249333462263	286.79900000034286
1000000	562.310999999519	True	33.637072043402306	280.758000000314
1000000	562.310999999519	False	34.07837816963449	284.99900000033426
1000000	562.310999999519	True	33.60314649024837	280.6010000003132
1000000	562.310999999519	False	34.103312096386105	285.5940000003371
1000000	562.310999999519	True	33.63208082192155	282.0710000003203
1000000	562.310999999519	False	34.063229046282395	284.98400000033416
1000000	562.310999999519	True	33.56665736918352	281.386000000317
1000000	562.310999999519	False	34.050646219949485	286.63600000034205
1000000	562.310999999519	True	33.636665368918884	280.7250000003138
1000000	562.310999999519	False	34.070188181127854	285.39600000033613
1000000	562.310999999519	True	33.627131708245926	280.8290000003143
1000000	562.310999999519	False	33.99204282958031	286.2720000003403
1000000	562.310999999519	True	33.65407367514439	280.49600000031273
1000000	562.310999999519	False	33.99547898500012	285.1890000003351
1000000	562.310999999519	True	33.70650511712506	280.6110000003133
1000000	562.310999999519	False	34.10407802542855	285.159000000335
1000000	562.310999999519	True	33.64385214913841	280.331000000312
1000000	562.310999999519	False	33.98618686591638	285.6890000003375
1000000	562.310999999519	True	33.699941398836195	280.85200000031443
1000000	562.310999999519	False	34.05473550531252	285.97900000033894
1000000	562.310999999519	True	33.6710955676278	280.67300000031355
1000000	562.310999999519	False	34.11170975432431	286.29500000034045
1000000	562.310999999519	True	33.59487705656294	280.0680000003107
1000000	562.310999999519	False	34.07021387935776	285.3150000003358
1000000	562.310999999519	True	33.66347913166268	279.8310000003096
1000000	562.310999999519	False	34.03531099509877	286.17700000033983
1000000	562.310999999519	True	33.71047213244128	281.171000000316
1000000	562.310999999519	False	34.0059693558221	286.1970000003399
1000000	562.310999999519	True	33.61798611397652	281.08200000031553
1000000	562.310999999519	False	34.13348789036117	285.2420000003354
1000000	562.310999999519	True	33.53855093667088	281.4780000003174
1000000	562.310999999519	False	34.12061559666133	283.99800000032945
1000000	562.310999999519	True	33.63531105712033	280.7310000003139
1000000	562.310999999519	False	34.01738567416736	285.34500000033586
1000000	562.310999999519	True	33.59041220328261	281.71800000031857
1000000	562.310999999519	False	34.19298576201377	285.5950000003371
1000000	562.310999999519	True	33.647556897372716	280.72800000031384
1000000	562.310999999519	False	34.074732359219524	286.54800000034163
1000000	562.310999999519	True	33.58908888460061	280.56500000031303
1000000	562.310999999519	False	34.0925740309516	285.3520000003359
1000000	562.310999999519	True	33.70012411762913	280.39600000031226
1000000	562.310999999519	False	34.115841861740904	284.9130000003338
1000000	562.310999999519	True	33.67200210159149	281.36500000031685
1000000	562.310999999519	False	34.12696399402029	287.03700000034394
1000000	562.310999999519	True	33.67108878824719	280.8590000003145
1000000	562.310999999519	False	34.083013340145946	284.749000000333
1000000	562.310999999519	True	33.54174833463014	280.77600000031407
1000000	562.310999999519	False	33.978658804608855	284.79000000033324
1000000	562.310999999519	True	33.76242329650019	280.85800000031446
1000000	562.310999999519	False	34.06755265733952	285.3460000003359
1000000	562.310999999519	True	33.55924026239588	281.06200000031544
1000000	562.310999999519	False	34.06531916317735	286.3670000003408
1000000	562.310999999519	True	33.680455054407815	281.810000000319
1000000	562.310999999519	False	34.048083609115906	286.36000000034073
1000000	562.310999999519	True	33.65032737944097	280.7400000003139
1000000	562.310999999519	False	34.112115473167925	285.19300000033513
1000000	562.310999999519	True	33.68276979427634	280.9930000003151
1000000	562.310999999519	False	34.01913147784862	285.2630000003355
1000000	562.310999999519	True	33.66580699113225	280.4300000003124
1000000	562.310999999519	False	33.98119079327975	284.5070000003319
1000000	562.310999999519	True	33.6267985620599	280.9040000003147
1000000	562.310999999519	False	34.03573576197654	285.7480000003378
1000000	562.310999999519	True	33.60334513965808	280.62900000031334
1000000	562.310999999519	False	34.02933580986429	285.84500000033825
1000000	562.310999999519	True	33.60267998083724	280.0830000003108
1000000	562.310999999519	False	34.071308164108174	285.67200000033745
1000000	562.310999999519	True	33.699255863206446	279.6410000003086
1000000	562.310999999519	False	34.02669309778593	285.18700000033516
1000000	562.310999999519	True	33.60282055268508	280.9430000003149
1000000	562.310999999519	False	34.14171976353495	285.8330000003382
1000000	562.310999999519	True	33.559182535793596	281.3100000003166
1000000	562.310999999519	False	34.08699219987142	285.16300000033505
1000000	562.310999999519	True	33.597468738719236	279.96700000031024
1000000	562.310999999519	False	34.06282464702882	284.07100000032983
1000000	562.310999999519	True	33.63839097377756	279.086000000306
1000000	562.310999999519	False	34.02851224063047	286.3340000003406
1000000	562.310999999519	True	33.66603302537921	280.3160000003119
1000000	562.310999999519	False	34.052315961028825	286.47000000034126
1000000	562.310999999519	True	33.582257736691574	281.55300000031775
1000000	562.310999999519	False	34.0500895212712	285.38000000033605
1000000	562.310999999519	True	33.633388640201474	280.3750000003122
1000000	562.310999999519	False	34.084711214545734	286.17700000033983
1000000	562.310999999519	True	33.63561026045341	281.7430000003187
1000000	562.310999999519	False	34.04698908467111	285.787000000338
1000000	562.310999999519	True	33.560079180565594	280.48500000031265
1000000	562.310999999519	False	34.11090357095941	284.9330000003339
1000000	562.310999999519	True	33.612823981428036	280.90000000031466
1000000	562.310999999519	False	34.10598567881037	285.8130000003381
1000000	562.310999999519	True	33.60739180218981	281.54300000031776
1000000	562.310999999519	False	34.102573409710075	284.944000000334
1000000	562.310999999519	True	33.59766353463463	281.5620000003178
1000000	562.310999999519	False	34.138281163159384	285.77400000033794
1000000	562.310999999519	True	33.665865649918025	279.38600000030743
1000000	562.310999999519	False	34.11440211112502	286.1930000003399
1000000	562.310999999519	True	33.62749363802213	280.1740000003112
1000000	562.310999999519	False	34.148337516241895	285.9270000003387
1000000	562.310999999519	True	33.58438038176618	281.2490000003163
1000000	562.310999999519	False	34.06358025082325	286.53200000034155
1000000	562.310999999519	True	33.567440498142076	280.335000000312
1000000	562.310999999519	False	34.09553203151019	284.6910000003328
1000000	562.310999999519	True	33.62386822085992	280.8730000003145
1000000	562.310999999519	False	34.09362154585193	284.3380000003311
1000000	562.310999999519	True	33.67229949818412	281.2220000003162
1000000	562.310999999519	False	34.03019819485221	285.5550000003369
1000000	562.310999999519	True	33.611267530003055	279.75300000030916
1000000	562.310999999519	False	34.02618121457684	285.2000000003352
1000000	562.310999999519	True	33.63396503394503	281.591000000318
1000000	562.310999999519	False	34.08480889076698	284.8040000003333
1000000	562.310999999519	True	33.62880420035357	281.2420000003163
1000000	562.310999999519	False	34.073546914446226	285.36000000033596
1000000	562.310999999519	True	33.67264765796142	280.2580000003116
1000000	562.310999999519	False	34.10844031589754	284.9100000003338
1000000	562.310999999519	True	33.53028380795421	281.1450000003158
1000000	562.310999999519	False	34.081477712936575	284.61500000033243
1000000	562.310999999519	True	33.60349842714903	279.97200000031023
1000000	562.310999999519	False	34.070422968078915	286.1860000003399
1000000	562.310999999519	True	33.67933727943202	282.00400000031993
1000000	562.310999999519	False	34.051664221616576	285.05500000033453
1000000	562.310999999519	True	33.636408115262	281.1220000003157
1000000	562.310999999519	False	34.07254568344203	285.76700000033793
1000000	562.310999999519	True	33.68949757705441	280.84500000031437
1000000	562.310999999519	False	34.058129273912854	285.3900000003361
1000000	562.310999999519	True	33.60501875163304	280.1570000003111
1000000	562.310999999519	False	34.05653684733616	284.6270000003325
1000000	562.310999999519	True	33.64269856259223	280.61900000031335
1000000	562.310999999519	False	34.0301136021936	285.24700000033545
1000000	562.310999999519	True	33.6423623821262	280.52900000031286
1000000	562.310999999519	False	34.158856488790505	285.4510000003364
1000000	562.310999999519	True	33.68650077527646	280.93600000031483
1000000	562.310999999519	False	34.082744688584825	285.31200000033573
1000000	562.310999999519	True	33.64946366227501	279.6510000003087
1000000	562.310999999519	False	34.026833926293996	285.6200000003372
1000000	562.310999999519	True	33.716282714111	280.9540000003149
1000000	562.310999999519	False	34.005600179445224	284.26800000033074
1000000	562.310999999519	True	33.593751859290236	281.12600000031574
1000000	562.310999999519	False	34.00684860099163	285.25100000033547
1000000	562.310999999519	True	33.71737889144956	280.7020000003137
1000000	562.310999999519	False	34.07727157946363	284.31300000033093
1000000	562.310999999519	True	33.6383014320115	281.35400000031683
1000000	562.310999999519	False	34.11370138715337	285.5580000003369
1000000	562.310999999519	True	33.634494533866956	280.42100000031235
1000000	562.310999999519	False	34.045007067749864	284.6380000003325
1000000	562.310999999519	True	33.72092145887851	281.4140000003171
1000000	562.310999999519	False	34.11032479891999	285.5210000003367
1000000	562.310999999519	True	33.7218830899421	281.2290000003162
1000000	562.310999999519	False	34.06482735753734	285.57200000033697
1000000	562.310999999519	True	33.579495453792944	281.3020000003166
1000000	562.310999999519	False	34.08065194448953	285.6600000003374
1000000	562.310999999519	True	33.63551999073323	281.0740000003155
1000000	562.310999999519	False	34.05798610965455	285.8830000003385
1000000	562.310999999519	True	33.61512927228772	280.2340000003115
1000000	562.310999999519	False	34.06576766461286	284.72700000033296
1000000	562.310999999519	True	33.56630100271147	280.46000000031256
1000000	562.310999999519	False	34.124916593924866	286.1020000003395
1000000	562.310999999519	True	33.679348689099115	281.44200000031725
1000000	562.310999999519	False	33.97048646957457	285.6020000003371
1000000	562.310999999519	True	33.65706793629253	281.0500000003154
1000000	562.310999999519	False	34.0652193799895	285.19400000033517
1000000	562.310999999519	True	33.72351156264982	280.14400000031105
1000000	562.310999999519	False	34.1156779434665	285.20800000033523
1000000	562.310999999519	True	33.56506208713471	282.4580000003221
1000000	562.310999999519	False	34.07391248278036	285.5320000003368
1000000	562.310999999519	True	33.63164373157413	281.5310000003177
1000000	562.310999999519	False	34.096318503624566	286.08700000033946
1000000	562.310999999519	True	33.68247990037044	280.0070000003104
1000000	562.310999999519	False	34.14218158555916	285.26700000033554
1000000	562.310999999519	True	33.68348577315468	280.6270000003134
1000000	562.310999999519	False	33.977515735161965	286.0210000003391
1000000	562.310999999519	True	33.743860788974416	279.83000000030955
1000000	562.310999999519	False	34.10277248915708	285.1840000003351
1000000	562.310999999519	True	33.641411762269556	282.20500000032087
1000000	562.310999999519	False	34.04230073434623	286.5490000003416
1000000	562.310999999519	True	33.684352439168094	280.8660000003145
1000000	562.310999999519	False	34.089974890225875	285.31100000033575
1000000	562.310999999519	True	33.660046287906766	280.4720000003126
1000000	562.310999999519	False	33.984218427091534	286.12100000033956
1000000	562.310999999519	True	33.531930906872034	281.04600000031536
1000000	562.310999999519	False	34.01009286045709	285.1290000003348
1000000	562.310999999519	True	33.62734458672686	280.3200000003119
1000000	562.310999999519	False	34.134057499011504	285.0810000003346
1000000	562.310999999519	True	33.678087866872346	281.1550000003159
1000000	562.310999999519	False	34.04916830372123	284.96500000033404
1000000	562.310999999519	True	33.64671221218579	280.99500000031514
1000000	562.310999999519	False	34.15766278549307	285.55300000033685
1000000	562.310999999519	True	33.67037604585161	280.4080000003123
1000000	562.310999999519	False	34.09913199069199	284.6200000003324
1000000	562.310999999519	True	33.67504944987619	281.14800000031585
1000000	562.310999999519	False	34.11495501628853	284.99900000033426
1000000	562.310999999519	True	33.71914474517669	281.1310000003158
1000000	562.310999999519	False	34.04345909681257	283.6630000003279
1000000	562.310999999519	True	33.65319580006735	282.80600000032376
1000000	562.310999999519	False	33.97027027159709	286.1050000003395
1000000	562.310999999519	True	33.613563734816594	280.5710000003131
1000000	562.310999999519	False	34.078624497026745	283.95700000032923
1000000	562.310999999519	True	33.571168238700125	281.2680000003164
1000000	562.310999999519	False	34.05999206262918	286.0850000003394
1000000	562.310999999519	True	33.607733120674155	279.55400000030824
1000000	562.310999999519	False	33.9955902583294	284.34300000033113
1000000	562.310999999519	True	33.58443763350455	280.24300000031155
1000000	562.310999999519	False	34.01798882509226	284.8830000003337
1000000	562.310999999519	True	33.59275351088897	280.7180000003138
1000000	562.310999999519	False	34.14503739693415	286.2300000003401
1000000	562.310999999519	True	33.683029823386015	280.554000000313
1000000	562.310999999519	False	34.004087156726	284.7290000003329
1000000	562.310999999519	True	33.614687272631436	281.4130000003171
1000000	562.310999999519	False	34.07264333972215	284.5810000003322
1000000	562.310999999519	True	33.60752871893254	280.4280000003124
1000000	562.310999999519	False	34.042901877664804	283.7180000003281
1000000	562.310999999519	True	33.740723061910586	280.6750000003136
1000000	562.310999999519	False	34.073341118908466	286.5110000003415
1000000	562.310999999519	True	33.66555189001184	280.42100000031235
1000000	562.310999999519	False	34.05457673010599	285.96800000033886
1000000	562.310999999519	True	33.606062809897075	279.3420000003072
1000000	562.310999999519	False	34.11879001904602	286.2640000003403
1000000	562.310999999519	True	33.65961660373963	281.0780000003155
1000000	562.310999999519	False	34.12782608116987	284.324000000331
1000000	562.310999999519	True	33.60863790600378	280.54900000031296
1000000	562.310999999519	False	34.14313623950056	286.2390000003402
1000000	562.310999999519	True	33.63211269366304	280.97500000031505
1000000	562.310999999519	False	34.12729807434464	286.0290000003391
1000000	562.310999999519	True	33.64945744829055	280.0460000003106
1000000	562.310999999519	False	34.03784655896136	285.44200000033635
1000000	562.310999999519	True	33.68543710345381	280.71200000031376
1000000	562.310999999519	False	34.03492242501609	285.2490000003354
1000000	562.310999999519	True	33.637031757651414	281.1360000003158
1000000	562.310999999519	False	34.08997202982097	285.5350000003368
1000000	562.310999999519	True	33.657158674280325	280.64300000031346
1000000	562.310999999519	False	34.0691102110508	283.91600000032906
1000000	562.310999999519	True	33.63726021137071	280.134000000311
1000000	562.310999999519	False	34.092429859863834	285.0670000003346
1000000	562.310999999519	True	33.674047451083084	281.44500000031724
1000000	562.310999999519	False	34.07323622290123	285.7660000003379
1000000	562.310999999519	True	33.59110899419412	282.32200000032145
1000000	562.310999999519	False	33.962513742269195	284.8440000003335
1000000	562.310999999519	True	33.601982965150725	280.83100000031436
1000000	562.310999999519	False	34.03123581552006	286.3100000003405
1000000	562.310999999519	True	33.56234092316399	280.49100000031274
1000000	562.310999999519	False	34.015490927624256	285.2050000003352
1000000	562.310999999519	True	33.64259867002291	279.2160000003066
1000000	562.310999999519	False	34.07401388928496	285.0130000003343
1000000	562.310999999519	True	33.717794954961505	280.42100000031235
1000000	562.310999999519	False	34.079083681149555	285.7350000003378
1000000	562.310999999519	True	33.60602037815681	279.72200000030904
1000000	562.310999999519	False	34.079694836506356	284.9280000003339
1000000	562.310999999519	True	33.61740442134665	280.46200000031257
1000000	562.310999999519	False	34.039727914604526	284.3840000003313
1000000	562.310999999519	True	33.64775024319047	280.7360000003139
1000000	562.310999999519	False	34.035785479112185	286.42600000034105
1000000	562.310999999519	True	33.61931532057713	279.295000000307
1000000	562.310999999519	False	34.057863801174975	284.54500000033204
1000000	562.310999999519	True	33.66564452195969	280.2780000003117
1000000	562.310999999519	False	34.06947789440043	284.7180000003329
1000000	562.310999999519	True	33.67984250314402	281.8340000003191
1000000	562.310999999519	False	34.090855232250355	284.7510000003331
1000000	562.310999999519	True	33.62270078634897	281.21600000031617
1000000	562.310999999519	False	34.14292770950537	285.08900000033464
1000000	562.310999999519	True	33.68543460582414	280.7290000003138
1000000	562.310999999519	False	34.157561497960245	286.2190000003401
1000000	562.310999999519	True	33.668997194097145	280.27300000031164
1000000	562.310999999519	False	34.1013090468813	284.21900000033054
1000000	562.310999999519	True	33.65492598950438	280.552000000313
1000000	562.310999999519	False	34.03593516217559	286.7140000003424
1000000	562.310999999519	True	33.69094183244802	280.70600000031374
1000000	562.310999999519	False	34.07577621952322	285.7250000003377
1000000	562.310999999519	True	33.5968623315464	281.4770000003174
1000000	562.310999999519	False	34.01215810099346	285.37100000033604
1000000	562.310999999519	True	33.614127513523385	279.93800000031007
1000000	562.310999999519	False	34.01515494613217	286.4840000003413
1000000	562.310999999519	True	33.69097225140543	280.8400000003144
1000000	562.310999999519	False	34.03353202556336	285.59000000033706
1000000	562.310999999519	True	33.68710984848035	281.33400000031673
1000000	562.310999999519	False	34.00808124653394	284.59500000033233
1000000	562.310999999519	True	33.62210538509417	280.5830000003132
1000000	562.310999999519	False	34.083240997375825	285.84000000033825
1000000	562.310999999519	True	33.58633329549971	280.9290000003148
1000000	562.310999999519	False	34.047001368537856	285.5150000003367
1000000	562.310999999519	True	33.63696663257602	281.07300000031546
1000000	562.310999999519	False	34.11820003542363	284.96200000033406
1000000	562.310999999519	True	33.718109476367104	279.65900000030877
1000000	562.310999999519	False	34.07986973176534	286.8030000003429
1000000	562.310999999519	True	33.65710172800806	281.7220000003186
1000000	562.310999999519	False	34.02791107167714	286.07400000033937
1000000	562.310999999519	True	33.64987757827727	281.9450000003196
1000000	562.310999999519	False	34.06925063058078	285.78500000033796
1000000	562.310999999519	True	33.6475023240777	279.95200000031014
1000000	562.310999999519	False	34.03208186644757	285.3100000003357
1000000	562.310999999519	True	33.60229948654853	280.4590000003126
1000000	562.310999999519	False	34.0377507319399	285.4130000003362
1000000	562.310999999519	True	33.64922974419076	280.8090000003142
1000000	562.310999999519	False	34.06731228492913	285.94400000033875
1000000	562.310999999519	True	33.68450478805614	281.90500000031943
1000000	562.310999999519	False	34.07912987755178	285.8700000003384
1000000	562.310999999519	True	33.65636971814139	280.2890000003117
1000000	562.310999999519	False	34.07631337445419	285.31600000033575
1000000	562.310999999519	True	33.68945485883751	280.0470000003106
1000000	562.310999999519	False	34.07525210506559	285.7420000003378
1000000	562.310999999519	True	33.62978748442376	281.2750000003165
1000000	562.310999999519	False	34.076834152473864	286.86300000034316
1000000	562.310999999519	True	33.64718316255647	280.73200000031386
1000000	562.310999999519	False	34.09824930867745	285.86200000033836
1000000	562.310999999519	True	33.640997905662815	281.67600000031837
1000000	562.310999999519	False	34.14679210455773	285.5940000003371
1000000	562.310999999519	True	33.61743892631141	280.39600000031226
1000000	562.310999999519	False	34.11646506053647	284.81000000033333
1000000	562.310999999519	True	33.66429276361367	279.92700000031004
1000000	562.310999999519	False	34.130498477277186	286.1290000003396
1000000	562.310999999519	True	33.63924517776826	280.8060000003142
1000000	562.310999999519	False	34.132462163745274	285.5600000003369
1000000	562.310999999519	True	33.5383041080273	279.72800000030907
1000000	562.310999999519	False	34.07806429826879	285.151000000335
1000000	562.310999999519	True	33.60490052513923	281.0570000003154
1000000	562.310999999519	False	34.07339968332201	285.0410000003344
1000000	562.310999999519	True	33.628712036111644	280.2760000003117
1000000	562.310999999519	False	34.125704821618875	285.0280000003344
1000000	562.310999999519	True	33.59791573390859	281.12400000031573
1000000	562.310999999519	False	34.083518387604606	285.0910000003347
1000000	562.310999999519	True	33.64650369111	280.02200000031047
1000000	562.310999999519	False	34.05249849531202	285.9770000003389
1000000	562.310999999519	True	33.680535959170115	280.4100000003123
1000000	562.310999999519	False	34.0498691273904	284.1850000003303
1000000	562.310999999519	True	33.66415933391718	279.24600000030676
1000000	562.310999999519	False	34.069795718732834	286.44300000034116
1000000	562.310999999519	True	33.61450204203422	281.3130000003166
1000000	562.310999999519	False	34.059383657744306	285.66700000033745
1000000	562.310999999519	True	33.66548724602712	280.57500000031314
1000000	562.310999999519	False	34.04945341925662	285.82900000033817
1000000	562.310999999519	True	33.60243926399724	281.22300000031623
1000000	562.310999999519	False	34.10868486099619	286.0550000003393
1000000	562.310999999519	True	33.58654525361527	280.99800000031513
1000000	562.310999999519	False	34.046294777272784	284.7800000003332
1000000	562.310999999519	True	33.74831273026467	280.9430000003149
1000000	562.310999999519	False	34.10019645715431	286.0800000003394
1000000	562.310999999519	True	33.54680576785803	280.25700000031156
1000000	562.310999999519	False	34.133180758199344	286.38600000034086
1000000	562.310999999519	True	33.68737389384388	280.4500000003125
1000000	562.310999999519	False	34.104556757762666	284.92200000033387
1000000	562.310999999519	True	33.66737550184348	281.2850000003165
1000000	562.310999999519	False	34.10144521019164	286.55600000034167
1000000	562.310999999519	True	33.5911398749629	281.2890000003165
1000000	562.310999999519	False	34.07454317570152	286.55000000034164
1000000	562.310999999519	True	33.60840502159671	281.02900000031525
1000000	562.310999999519	False	34.04368838621352	286.42900000034103
1000000	562.310999999519	True	33.668527620316155	279.8340000003096
1000000	562.310999999519	False	34.0856233331362	285.86400000033836
1000000	562.310999999519	True	33.63230747210242	281.11900000031574
1000000	562.310999999519	False	34.044662507272974	285.42000000033624
1000000	562.310999999519	True	33.623263625633776	281.02900000031525
1000000	562.310999999519	False	34.11676264025829	285.0960000003347
1000000	562.310999999519	True	33.773814118537345	280.8490000003144
1000000	562.310999999519	False	34.16682556331651	285.7480000003378
1000000	562.310999999519	True	33.654964509303596	280.20600000031135
1000000	562.310999999519	False	34.10505689777088	286.58700000034185
1000000	562.310999999519	True	33.64104370039448	280.85100000031446
1000000	562.310999999519	False	33.984306715037974	285.7730000003379
1000000	562.310999999519	True	33.629688663442934	280.60400000031325
1000000	562.310999999519	False	34.12114624350562	285.7690000003379
1000000	562.310999999519	True	33.60725053952946	281.11900000031574
1000000	562.310999999519	False	34.03870596536974	283.6340000003277
1000000	562.310999999519	True	33.64777175810477	281.3220000003167
1000000	562.310999999519	False	34.06682421909284	286.69800000034235
1000000	562.310999999519	True	33.68589757453404	280.24400000031153
1000000	562.310999999519	False	34.12973461727336	284.8720000003336
1000000	562.310999999519	True	33.68408452812737	280.8220000003143
1000000	562.310999999519	False	34.04653578053873	286.1730000003398
1000000	562.310999999519	True	33.693252445743425	280.546000000313
1000000	562.310999999519	False	34.16348021445417	285.42200000033625
